4294967294,0
4294967278,164
4294967278,163
4294967278,162
4294967278,161
4294967278,160
4294967278,0
4294967294,5
4294967278,158
4294967294,266
4294967294,12
4294967294,126
4294967294,104
4294967294,24
4294967294,175
4294967294,183
4294967294,176
4294967294,252
4294967294,46
4294967278,156
4294967278,152
4294967278,150
4294967294,127
4294967294,18
4294967294,68
4294967294,11
4294967294,81
4294967294,36
4294967294,425
4294967294,472
4294967279,0
0,5
4294967294,214
4294967294,7
4294967294,6
4294967294,22
4294967294,17
4294967294,39
4294967294,42
4294967294,67
4294967294,99
4294967294,418
4294967294,51
4294967294,471
4294967294,25
4294967294,26
4294967294,82
4294967294,253
4294967278,132
4294967278,131
4294967278,130
4294967278,129
4294967278,254
4294967278,128
4294967278,127
4294967278,126
4294967278,125
4294967278,124
4294967278,251
4294967278,123
4294967278,122
4294967278,121
4294967278,120
4294967278,119
4294967278,244
4294967278,118
4294967278,242
4294967278,117
4294967278,240
4294967278,116
4294967278,115
4294967278,114
4294967278,113
4294967278,112
4294967278,111
4294967278,110
4294967278,228
4294967278,109
4294967278,226
4294967278,108
4294967278,224
4294967278,107
4294967278,222
4294967278,106
4294967278,220
4294967278,105
4294967278,104
4294967278,216
4294967278,103
4294967278,102
4294967278,101
4294967278,100
4294967278,99
4294967278,98
4294967278,97
4294967278,96
4294967278,95
4294967278,94
4294967278,93
4294967278,92
4294967278,91
4294967278,90
4294967278,89
4294967278,87
4294967278,86
4294967278,85
4294967278,84
4294967278,83
4294967278,82
4294967278,81
4294967278,80
4294967278,79
4294967278,78
4294967278,77
4294967278,76
4294967278,75
4294967278,74
4294967278,73
4294967278,72
4294967278,71
4294967278,70
4294967278,69
4294967278,68
4294967278,67
4294967278,66
4294967278,65
4294967278,64
4294967278,63
4294967278,62
4294967278,61
4294967278,60
4294967278,59
4294967278,58
4294967278,57
4294967278,56
4294967278,55
4294967278,54
4294967278,53
4294967278,52
4294967278,51
4294967278,50
4294967278,49
4294967278,48
4294967278,47
4294967278,46
4294967278,45
4294967278,44
4294967278,43
4294967278,42
4294967278,41
4294967278,40
4294967278,39
4294967278,38
4294967278,37
4294967278,174
4294967278,260
4294967279,25
4294967279,290
4294967279,275
4294967279,23
4294967279,22
4294967279,18
4294967279,88
4294967279,174
4294967279,16
4294967279,286
4294967279,14
4294967279,12
4294967279,284
4294967279,11
4294967279,264
4294967279,10
4294967279,9
4294967279,8
4294967279,7
4294967279,6
4294967279,5
4294967279,4
4294967278,348
39,5
39,4
39,3
39,2
39,1
4294967278,347
4294967278,346
4294967279,418
4294967279,417
4294967279,416
4294967278,345
4294967279,415
4294967278,344
4294967278,343
37,5
37,4
37,3
37,2
37,1
4294967279,414
4294967279,413
4294967279,412
35,5
35,4
35,3
35,2
35,1
4294967278,342
4294967279,411
4294967279,410
4294967279,409
4294967279,408
34,6
34,5
34,4
34,3
34,2
34,1
4294967294,475
4294967294,1423
4294967278,341
33,7
33,6
33,5
33,4
33,3
33,2
33,1
4294967279,407
4294967278,340
4294967279,406
4294967278,339
4294967279,405
4294967278,338
4294967278,337
32,9
32,8
32,7
32,6
32,5
32,4
32,3
32,2
32,1
4294967279,404
4294967278,336
4294967279,403
4294967278,335
4294967279,402
4294967278,334
4294967279,401
4294967278,333
4294967279,400
4294967279,399
4294967278,332
4294967279,398
4294967278,331
4294967279,397
4294967278,330
4294967278,329
4294967279,396
4294967278,328
4294967278,327
4294967278,326
4294967279,395
4294967278,325
4294967279,394
4294967278,324
4294967279,393
4294967278,323
4294967278,322
4294967279,392
4294967278,321
4294967279,391
4294967279,390
4294967278,320
4294967279,389
4294967294,1422
4294967278,319
4294967278,318
4294967279,388
27,9
27,8
27,7
27,6
27,5
27,4
4294967279,387
27,3
27,2
27,1
4294967279,386
4294967278,317
4294967279,385
4294967278,316
4294967279,384
4294967278,315
4294967279,136
4294967279,133
4294967279,319
4294967278,314
4294967279,318
4294967278,313
4294967279,317
4294967278,312
4294967279,316
4294967278,311
4294967278,310
4294967294,1421
4294967294,1420
4294967278,309
4294967278,308
4294967279,315
4294967279,314
4294967278,307
4294967279,313
4294967278,306
4294967279,312
4294967278,305
4294967279,311
4294967278,304
4294967279,310
4294967278,303
4294967279,309
4294967278,302
4294967279,308
4294967278,301
4294967279,307
4294967278,300
22,5
22,4
22,3
22,2
22,1
4294967279,306
4294967278,299
4294967279,305
4294967278,298
4294967279,304
4294967278,297
4294967279,303
4294967278,296
4294967279,302
4294967278,295
21,6
21,5
21,4
21,3
21,2
21,1
4294967278,294
20,5
20,4
20,2
20,1
4294967279,301
19,5
19,4
19,2
19,1
4294967279,300
18,5
18,4
18,2
18,1
4294967279,299
4294967294,474
17,4
17,3
17,2
17,1
4294967278,293
16,6
16,5
16,4
16,2
16,1
4294967279,298
